n=10000;
x=[0.9:0.1/n:1];
y=[0.25:0.5/n:0.75];

